13b86e07 7 1 564 0
81d7ae1a 1 1 5 0
e9d3bead 5 5 431 105
0162054d 2 2 240 0
bb063b9d 3 3 4 1
256cee60 3 3 132 1
ff9ef700 409 6 72 12
36f51431 20 9 239 98
5dde917a 15 8 630 310
79b3c378 4 4 423 0
c0355003 2 2 826 2
496a9a14 8 8 8719 580
e1d250eb 1 1 4 0
fc870316 4 4 2621739 81
bfde75fc 25 24 15210 2027
0de108ad 33 33 12220 2167
7af8f5ff 3 3 4153 0
3ce43e92 4 4 8790 88
9aa3bbe9 16 16 942531 933241
afab1c74 113 1 26 0
ff08cc2c 414 1 129 0
5a93770a 9 6 1297 316
db46005a 12 12 102 49
9527734d 2 2 9476 0
a0d38335 48 47 26779 9725
22a59fd6 1 1 28073 0
e34d0d49 1 1 2043 0
391c6147 1 1 2 0
cc6388fd 9 9 26626 277
c965c131 6 6 82592 333
de5f5ef4 1 1 14 0
d5f8c829 2 2 118 0
5958bdfc 12 2 417 12
62669e68 1 1 2 0
03ef4ca4 2 2 458 0
e96da696 2 2 412 0
1bfb403b 17 14 1056 371
e2c621d9 4 4 1219 0
e237d47f 47 45 15246 1448
09c00dd4 3 3 1080 0
5b14e1fd 6 6 616 26
10f3b97e 64 63 52739 15831
8e047b36 7 7 18578 2
a520a473 14 14 36506 23807
c4046711 16 9 1715 54
64d8c87c 3 3 1227 3
57cc8993 119 43 17918 1291
e2f345b4 2 0 0 0
84c463dd 85 0 0 0
70e1e82b 29 1 64 1
